05732205
05979317
05732202
05732071
05732204
05875878
05693925
05979408
05647422
05731862
05551744
05875821
05923594
05888211
05888207
05894303
05930094
05923651
05904964
05896064
05894305
05924266
05935639
05910461
05765312
05920777
05924267
05480838
05966825
05520402
05740136
05839219
05792676
05793011
05719824
05591608
05702647
05676071
05727887
05953720
05847436
05653832
05727884
05649586
05727019
05790910
05953653
05954943
05569083
05724331
05569079
05634604
05979316
05647395
05725161
05556579
05591924
05551743
05556542
05693598
05875732
05731149
05693601
05768675
05896089
05894194
05904504
05893610
05915212
05915575
05977804
05888212
05924265
05894302
05894189
05935061
05589228
05793012
05672551
05787669
05679373
05679371
05801610
05965935
05869105
05568132
05648186
05814501
05616399
05730602
05533805
05958338
05759552
05646877
05727001
05727003
05727005
05713337
05565548
05875805
05647419
05805361
05731147
05875683
05875797
05526443
05725103
05591923
05915214
05731145
05935891
05875724
05888229
05894176
05893752
05910474
05910702
05910488
05894175
05894188
05888231
05936126
05735923
05713298
05958341
05958342
05644329
05443916
05938549
05938522
05885246
05644772
05646457
05727390
05888230
05936127
05935065
05935078
05870843
05891722
05935067
05936124
05936128
05942648
05920843
05931525
05727888
05476403
05938527
05857688
05937335
05733297
05644330
05727882
05727918
05727920
05727919
05702461
05678553
05948770
05710959
05466681
05646624
05799677
05727885
05676723
05759490
05759550
05713988
05651755
05617596
05759551
05407358
05925965
05925960
05925964
05719491
05646930
05814178
05814095
05167887
05464078
05509825
05948901
05948899
05727895
05727896
05775798
05727897
04615321
04650908
05776026
05709071
05714039
05962933
05910703
05935895
05911005
05888235
05886359
05862914
05974070
05931561
05888239
05884995
05886363
05876595
05935901
05888233
05936130
05945702
05912258
05886347
05946780
05886358
05883363
05912565
05883361
05584033
05910704
05960726
05936306
05654157
05977773
05654170
05751008
05875625
05647393
05807816
05655077
05647371
05883294
05463459
05556507
05870431
05701939
05730692
05526376
05724395
05979313
05693600
05639078
05725015
05647346
05425132
05647376
05731137
05730917
05875736
05551745
05730915
05701780
05729524
05639081
05885462
05883114
05885460
05873290
05885421
05885586
05885422
05885272
05880583
05871684
05885466
05911161
05883115
05911162
05879596
05871305
05767828
05911096
05767814
05871226
05760936
05946182
05569082
05888246
05946183
05871273
05754250
05767875
05911160
05888244
05947328
05911159
05617236
05892527
05767732
05709027
05878327
05877833
05875961
05911192
05641158
05912323
05875933
05746448
05878324
05768004
05636212
05732741
05767781
05884397
05757151
05768109
05644803
05870755
05878502
05964549
05936908
05406459
05636240
05641152
05636241
05828666
05644774
05644777
05644800
05878504
05881626
05875859
05641145
05636239
05884371
05645166
05757083
05762188
05735526
05884473
05878325
05869106
05920774
05888242
05762190
05870756
05878326
05639419
05611984
05644804
05562748
05645165
05805291
05805292
05969169
05969136
05635358
05635287
05635359
05649375
05888209
05599385
05928462
05577364
05568136
05839220
05805360
05649376
05649374
05654930
05884414
05527546
05875864
05936846
05936838
05649373
05641162
05947175
05805983
05808716
05765025
05802143
05884353
05794298
05881627
05940585
05641150
05947178
05936936
05585839
05644805
05881948
05878505
05649372
05878500
05881938
05947172
05878522
05622962
05883238
05885053
05861286
05878520
05870679
05870449
05885061
05944219
05620601
05884347
05802397
05836642
05802418
05884349
05802394
05890628
05809608
05809601
05889559
05767870
05860941
05861768
05597656
05939085
05857941
05826582
05768146
05768147
05768145
05878391
05768198
05646462
05682697
05878427
05682699
05637799
05878390
05878389
05944507
05650096
05878399
05878406
05979770
05979730
05635410
05644616
05938329
05914321
05768116
05768139
05979843
05914322
05768115
05636242
05944502
05889442
05889486
05825177
05938307
05878687
05635741
05642294
05642404
05635762
05635764
05650116
05650118
05523224
05937171
05939156
05947318
05878398
05876658
05876659
05878615
05878710
05878713
05825203
05875882
05889523
05889518
05875858
05878645
05914287
05636460
05876644
05914320
05890205
05862623
05890868
05911191
05871516
05911141
05871359
05871515
05871308
05911163
05871315
05871681
05881034
05871370
05911147
05871312
05911138
05911197
05871368
05871669
05871521
05911139
05911140
05709070
05871679
05871673
05871374
05892732
05871511
05599103
05871306
05871514
05911164
05743715
05890796
05804941
05804940
05520737
05768588
05801344
05890795
05862622
05892687
05861598
05866927
05911166
05861577
05861576
05881059
05871504
05888206
05875605
05453050
05743731
05871472
05871509
05871310
05871474
05212103
05713212
05976709
05870443
05861282
05861348
05870441
05639051
05965337
04723211
05872897
05961053
05870424
05420457
05696069
05885465
05883116
05885467
05836950
05885468
05885274
05486954
05493584
05907599
05824954
05886269
05861412
05870444
05801323
05824956
05635221
05871243
05824957
05824318
05522154
05871522
05768467
05871298
05880749
05867713
05824302
05823512
05824306
05870724
05726596
05825965
05861351
05888247
05888260
05572770
05824960
05870738
05861408
05867788
05824307
05824319
05748766
05539195
05603394
05658095
05650626
05888258
05616619
05824300
05888259
05570804
05821701
05523093
05448202
05535944
05875170
05616615
05760277
05719818
05709041
05719805
05870438
05437441
05575413
05650624
05810478
05476119
05476120
05508572
05650606
05570669
05757470
05849455
05805297
05835427
05965029
05465000
